1.0
0.896791609055
0.830479575513
0.878933110158
0.899716195034
0.592181527518
0.592139302087
0.592426489564
0.592187439047
0.592139461298
0.886813884333
0.872317604753
0.885678900248
0.873904076522
0.895775225816
0.850305480043
0.833536304286
0.833548212963
0.831334487753
0.788599608919
0.634925359014
0.626543216336
0.650380702561
0.623222676272
0.610712300728
0.668035557803
0.617823271635
0.657714400224
0.669678702493
0.59482761001
--------------
0.896791609055
1.0
0.840712130763
0.896311999023
0.901724870057
0.62437247002
0.624330169281
0.624599536981
0.624380229719
0.624330759934
0.868764644542
0.852069344123
0.85704141129
0.856348696761
0.884448174997
0.859600195578
0.85779404916
0.864251523154
0.856898196188
0.799952434083
0.660144600578
0.6611953217
0.671590486648
0.651269486089
0.632326802733
0.656659412715
0.609694770754
0.623718048869
0.657116083032
0.564869123329
--------------
0.830479575513
0.840712130763
1.0
0.863335481253
0.866805123951
0.801014442844
0.800985497736
0.801322009608
0.80101410113
0.800985918881
0.778194393482
0.770340405781
0.783962117359
0.796781108015
0.79844623066
0.888318311428
0.885371135482
0.887267823471
0.894673670305
0.886675287175
0.822339617459
0.824527759566
0.817583407781
0.821225097892
0.806688248169
0.572712585802
0.545636525737
0.566038021964
0.574797277389
0.492923304908
--------------
0.878933110158
0.896311999023
0.863335481253
1.0
0.906139442819
0.643568921955
0.643547396975
0.643996376882
0.643589471632
0.643548048022
0.87336491854
0.854738513229
0.861588988913
0.863919604184
0.874154133034
0.85936715181
0.856733117946
0.876092722093
0.856984586083
0.814273673652
0.674073213934
0.678789365378
0.684333905878
0.672195434632
0.668563508832
0.658694759703
0.627885091084
0.64567989134
0.651798269445
0.578958934628
--------------
0.899716195034
0.901724870057
0.866805123951
0.906139442819
1.0
0.670826337896
0.670807643286
0.671320448595
0.670844437388
0.67080840464
0.87087638144
0.856623033971
0.869338650064
0.863637953376
0.870172123305
0.890576293277
0.889171476172
0.887520511748
0.871878707192
0.839674796448
0.704048170026
0.703395963994
0.71596147524
0.699957968841
0.673707385516
0.64198430193
0.602203570365
0.636413996429
0.648087316824
0.565099026427
--------------
0.592181527518
0.62437247002
0.801014442844
0.643568921955
0.670826337896
1.0
0.99999957071
0.999978273588
0.999999183724
0.999999570485
0.49357670038
0.476614521018
0.499764824925
0.522210439054
0.524447334195
0.754887192594
0.806221900863
0.808320542248
0.785844817777
0.83887045979
0.982531385227
0.992023035295
0.955079261744
0.984495054891
0.964977537448
0.335857436106
0.30383267084
0.33457663768
0.344087149115
0.279577147906
--------------
0.592139302087
0.624330169281
0.800985497736
0.643547396975
0.670807643286
0.99999957071
1.0
0.999978702274
0.999999608815
0.99999999969
0.493547160606
0.476579870473
0.499728372528
0.522166957259
0.524408959529
0.754843650498
0.806216822711
0.808289134154
0.785832287709
0.838869258128
0.982531734904
0.992008186581
0.955079504605
0.984495414536
0.964977872555
0.335823299369
0.303807121597
0.334558916347
0.344056781993
0.279556359062
--------------
0.592426489564
0.624599536981
0.801322009608
0.643996376882
0.671320448595
0.999978273588
0.999978702274
1.0
0.999978311663
0.999978702057
0.493931751743
0.477048510003
0.500196286029
0.522524134542
0.524902253427
0.755378236122
0.806693085119
0.808477117322
0.786383262177
0.839443661403
0.982513258112
0.991993288332
0.955142358376
0.984475164185
0.964958331507
0.336076523979
0.304131290258
0.334839118004
0.344288478206
0.279807973688
--------------
0.592187439047
0.624380229719
0.80101410113
0.643589471632
0.670844437388
0.999999183724
0.999999608815
0.999978311663
1.0
0.999999608591
0.493588775268
0.476603358359
0.499753204964
0.522188873581
0.524446076247
0.754877471702
0.806240874072
0.808339753486
0.785875553303
0.838887098567
0.982531592305
0.992012049945
0.955079288623
0.984495087191
0.964977569691
0.335849104358
0.303829318332
0.33458283738
0.344077099399
0.279572800117
--------------
0.592139461298
0.624330759934
0.800985918881
0.643548048022
0.67080840464
0.999999570485
0.99999999969
0.999978702057
0.999999608591
1.0
0.493547615257
0.476580516926
0.499728878488
0.522167141935
0.52440977735
0.754844444598
0.806217738217
0.808290156359
0.785832246634
0.838869642477
0.98253174512
0.992008217683
0.955079506735
0.984495414835
0.964977873698
0.335823597696
0.303807404837
0.334559423063
0.344056970388
0.279556541684
--------------
0.886813884333
0.868764644542
0.778194393482
0.87336491854
0.87087638144
0.49357670038
0.493547160606
0.493931751743
0.493588775268
0.493547615257
1.0
0.909213375523
0.910525024028
0.907379891464
0.887061446522
0.799475100935
0.768015711966
0.788473108268
0.766053224843
0.720739985812
0.534765598109
0.527972678213
0.555735241875
0.528561169243
0.521660540716
0.724113424875
0.695654654359
0.722737640359
0.738112546817
0.658216988642
--------------
0.872317604753
0.852069344123
0.770340405781
0.854738513229
0.856623033971
0.476614521018
0.476579870473
0.477048510003
0.476603358359
0.476580516926
0.909213375523
1.0
0.905525130319
0.894961563261
0.896099752328
0.777315405881
0.751481407227
0.752525971142
0.745263474651
0.696776957193
0.516740245473
0.511316167705
0.547946104242
0.515006413664
0.502100182004
0.732870653553
0.704535778048
0.732221065973
0.747468762526
0.677088204747
--------------
0.885678900248
0.85704141129
0.783962117359
0.861588988913
0.869338650064
0.499764824925
0.499728372528
0.500196286029
0.499753204964
0.499728878488
0.910525024028
0.905525130319
1.0
0.892087856588
0.900488800808
0.800202741774
0.765947595577
0.770536417107
0.767192473709
0.727105635177
0.540352370574
0.532873536636
0.5753748075
0.538209213273
0.526653613198
0.713623393609
0.68714380348
0.723923695796
0.731999121228
0.658520705102
--------------
0.873904076522
0.856348696761
0.796781108015
0.863919604184
0.863637953376
0.522210439054
0.522166957259
0.522524134542
0.522188873581
0.522167141935
0.907379891464
0.894961563261
0.892087856588
1.0
0.899330525885
0.808788351505
0.781987736739
0.794755439446
0.780594911256
0.742602676445
0.563138684651
0.556863552804
0.593833641845
0.556080668235
0.554409885076
0.70165412215
0.677558250471
0.709674474168
0.720808663495
0.626650834356
--------------
0.895775225816
0.884448174997
0.79844623066
0.874154133034
0.870172123305
0.524447334195
0.524408959529
0.524902253427
0.524446076247
0.52440977735
0.887061446522
0.896099752328
0.900488800808
0.899330525885
1.0
0.819211622163
0.787269125349
0.802899734807
0.791322197721
0.74748985547
0.565289618444
0.56183529303
0.588320537248
0.556725172209
0.547910365909
0.714296344529
0.679339952693
0.700104227449
0.73130792645
0.630752641967
--------------
0.850305480043
0.859600195578
0.888318311428
0.85936715181
0.890576293277
0.754887192594
0.754843650498
0.755378236122
0.754877471702
0.754844444598
0.799475100935
0.777315405881
0.800202741774
0.808788351505
0.819211622163
1.0
0.90946232401
0.889817833943
0.892202220668
0.90233207963
0.780043603559
0.780006849554
0.79744512929
0.776343866838
0.750707868408
0.562650680202
0.534140986478
0.558812054573
0.568098824388
0.499578793709
--------------
0.833536304286
0.85779404916
0.885371135482
0.856733117946
0.889171476172
0.806221900863
0.806216822711
0.806693085119
0.806240874072
0.806217738217
0.768015711966
0.751481407227
0.765947595577
0.781987736739
0.787269125349
0.90946232401
1.0
0.912888202615
0.910411963903
0.902983727148
0.821030609892
0.83091418952
0.832352991564
0.824642603186
0.791573574447
0.530376311136
0.500253191234
0.531867147644
0.545593292398
0.463620578181
--------------
0.833548212963
0.864251523154
0.887267823471
0.876092722093
0.887520511748
0.808320542248
0.808289134154
0.808477117322
0.808339753486
0.808290156359
0.788473108268
0.752525971142
0.770536417107
0.794755439446
0.802899734807
0.889817833943
0.912888202615
1.0
0.905880886356
0.888531617873
0.822842182164
0.832157878903
0.823175020883
0.818583443182
0.798583405789
0.564271957941
0.517142256628
0.545039171435
0.564406703069
0.478137299508
--------------
0.831334487753
0.856898196188
0.894673670305
0.856984586083
0.871878707192
0.785844817777
0.785832287709
0.786383262177
0.785875553303
0.785832246634
0.766053224843
0.745263474651
0.767192473709
0.780594911256
0.791322197721
0.892202220668
0.910411963903
0.905880886356
1.0
0.895987936325
0.8096497118
0.811718092093
0.812699052631
0.805301218275
0.76479684038
0.535075231349
0.502120076163
0.527154456977
0.543705205564
0.455976705451
--------------
0.788599608919
0.799952434083
0.886675287174
0.814273673652
0.839674796448
0.83887045979
0.838869258128
0.839443661403
0.838887098567
0.838869642477
0.720739985812
0.696776957193
0.727105635177
0.742602676445
0.74748985547
0.90233207963
0.902983727148
0.888531617873
0.895987936325
1.0
0.858399286116
0.8603376705
0.856408852895
0.850450537499
0.837456505578
0.495264485418
0.463762883289
0.493818193922
0.508398625766
0.431256518945
--------------
0.634925359014
0.660144600578
0.822339617459
0.674073213934
0.704048170026
0.982531385227
0.982531734904
0.982513258112
0.982531592305
0.98253174512
0.534765598109
0.516740245473
0.540352370574
0.563138684651
0.565289618444
0.780043603559
0.821030609892
0.822842182164
0.8096497118
0.858399286116
1.0
0.977198132993
0.950637455011
0.971836280269
0.958839733283
0.361257967986
0.327353698297
0.363229573828
0.37828420958
0.299930948867
--------------
0.626543216336
0.6611953217
0.824527759566
0.678789365378
0.703395963994
0.992023035295
0.992008186581
0.991993288332
0.992012049945
0.992008217683
0.527972678213
0.511316167705
0.532873536636
0.556863552804
0.56183529303
0.780006849554
0.83091418952
0.832157878903
0.811718092093
0.8603376705
0.977198132993
1.0
0.951380936343
0.980014328188
0.959758963779
0.364834394726
0.327546775803
0.356725700029
0.370787879708
0.303801235545
--------------
0.650380702561
0.671590486648
0.817583407781
0.684333905878
0.71596147524
0.955079261744
0.955079504605
0.955142358376
0.955079288623
0.955079506735
0.555735241875
0.547946104242
0.5753748075
0.593833641845
0.588320537248
0.79744512929
0.832352991564
0.823175020883
0.812699052631
0.856408852895
0.950637455011
0.951380936343
1.0
0.946215433328
0.931222601592
0.378511410533
0.355145249723
0.390495704941
0.391615326458
0.321522407964
--------------
0.623222676272
0.651269486089
0.821225097892
0.672195434632
0.699957968841
0.984495054891
0.984495414536
0.984475164185
0.984495087191
0.984495414835
0.528561169243
0.515006413664
0.538209213273
0.556080668235
0.556725172209
0.776343866838
0.824642603186
0.818583443182
0.805301218275
0.850450537499
0.971836280269
0.980014328188
0.946215433328
1.0
0.951262848509
0.35886694506
0.328334192689
0.353554134468
0.37617874083
0.29840338643
--------------
0.610712300728
0.632326802733
0.806688248169
0.668563508832
0.673707385516
0.964977537448
0.964977872555
0.964958331507
0.964977569691
0.964977873698
0.521660540716
0.502100182004
0.526653613198
0.554409885076
0.547910365909
0.750707868408
0.791573574447
0.798583405789
0.76479684038
0.837456505578
0.958839733283
0.959758963779
0.931222601592
0.951262848509
1.0
0.353482444974
0.323157394392
0.360040733197
0.370490013489
0.294547303113
--------------
0.668035557803
0.656659412715
0.572712585802
0.658694759703
0.64198430193
0.335857436106
0.335823299369
0.336076523979
0.335849104358
0.335823597696
0.724113424875
0.732870653553
0.713623393609
0.70165412215
0.714296344529
0.562650680202
0.530376311136
0.564271957941
0.535075231349
0.495264485418
0.361257967986
0.364834394726
0.378511410533
0.35886694506
0.353482444974
1.0
0.716212539578
0.826790327973
0.701506877347
0.848312417247
--------------
0.617823271635
0.609694770754
0.545636525737
0.627885091084
0.602203570365
0.30383267084
0.303807121597
0.304131290258
0.303829318332
0.303807404837
0.695654654359
0.704535778048
0.68714380348
0.677558250471
0.679339952693
0.534140986478
0.500253191234
0.517142256628
0.502120076163
0.463762883289
0.327353698297
0.327546775803
0.355145249723
0.328334192689
0.323157394392
0.716212539578
1.0
0.854007366805
0.794678502476
0.842292613144
--------------
0.657714400224
0.623718048869
0.566038021964
0.64567989134
0.636413996429
0.33457663768
0.334558916347
0.334839118004
0.33458283738
0.334559423063
0.722737640359
0.732221065973
0.723923695796
0.709674474168
0.700104227449
0.558812054573
0.531867147644
0.545039171435
0.527154456977
0.493818193922
0.363229573828
0.356725700029
0.390495704941
0.353554134468
0.360040733197
0.826790327973
0.854007366805
1.0
0.77178354826
0.914626559006
--------------
0.669678702493
0.657116083032
0.574797277389
0.651798269445
0.648087316824
0.344087149115
0.344056781993
0.344288478206
0.344077099399
0.344056970388
0.738112546817
0.747468762526
0.731999121228
0.720808663495
0.73130792645
0.568098824388
0.545593292398
0.564406703069
0.543705205564
0.508398625766
0.37828420958
0.370787879708
0.391615326458
0.37617874083
0.370490013489
0.701506877347
0.794678502476
0.77178354826
1.0
0.703453139581
--------------
0.59482761001
0.564869123329
0.492923304908
0.578958934628
0.565099026427
0.279577147906
0.279556359062
0.279807973688
0.279572800117
0.279556541684
0.658216988642
0.677088204747
0.658520705102
0.626650834356
0.630752641967
0.499578793709
0.463620578181
0.478137299508
0.455976705451
0.431256518945
0.299930948867
0.303801235545
0.321522407964
0.29840338643
0.294547303113
0.848312417247
0.842292613144
0.914626559006
0.703453139581
1.0
--------------
[4 1 5 1 1 3 3 3 3 3 4 4 4 4 4 2 2 1 1 2 3 3 3 3 3 0 0 0 4 0]


