(2208, 2208) 24
6362
0 0.975842772208
30 0.975791916555
60 0.97650990445
90 0.975989197416
120 0.975858061707
150 0.9736476583
180 0.971111143268
210 0.972286408349
240 0.974575533999
270 0.969430746336
300 0.971572045147
330 0.972188803782
360 0.971049539858
390 0.973268695665
420 0.969318961325
450 0.96876121834
480 0.970726414408
510 0.971172116657
540 0.967918472956
570 0.96885315165
600 0.968409529568
630 0.966105232048
660 0.965809439237
690 0.961586732523
720 0.962871442782
750 0.956667463038
780 0.95658007345
810 0.951526730382
840 0.945026809043
870 0.942985706777
900 0.950882879493
930 0.945384465672
960 0.916455870949
990 0.911425640409
1020 0.906355165231
1050 0.910108419058
1080 0.916564558135
1110 0.914153835766
1140 0.904693566568
1170 0.899220757299
1200 0.901686201732
1230 0.903160559754
1260 0.901305924083
1290 0.907005480394
1320 0.896975217938
1350 0.897863810116
1380 0.898503287008
1410 0.904490206909
1440 0.901965150538
1470 0.871774241773
1500 0.844810763157
1530 0.812177030362
1560 0.797202916405
1590 0.796340759759
1620 0.776926234911
1650 0.765133922231
1680 0.74866591663
1710 0.735055367617
1740 0.72266886162
1770 0.709783602191
1800 0.685844733669
1830 0.665979550563
1860 0.644165263064
1890 0.624492019115
1920 0.623909268904
1950 0.629918662602
1980 0.639814368476
2010 0.642822643326
2040 0.646507698097
2070 0.648377773162
2100 0.65019937515
2130 0.647168461706
2160 0.641971565447
2190 0.631010642218
2220 0.631417652708
2250 0.63086494395
2280 0.631386915574
2310 0.6354295227
2340 0.63241060984
2370 0.636257405041
2400 0.646174665488
2430 0.662138326832
2460 0.673173434023
2490 0.694829846758
2520 0.731737176119
2550 0.786068858672
2580 0.836741431528
2610 0.861940097877
2640 0.87396500142
2670 0.89572364315
2700 0.903593755174
2730 0.927472846321
2760 0.935240203913
2790 0.945978690987
2820 0.942624344969
2850 0.942373984113
2880 0.94272951141
2910 0.929276355637
2940 0.928686473845
2970 0.935279707862
3000 0.938089824357
3030 0.939334843233
3060 0.943931911276
3090 0.947535861369
3120 0.946373277143
3150 0.945060488576
3180 0.933659135502
3210 0.91397554549
3240 0.908643822822
3270 0.902182166858
3300 0.900605978208
3330 0.898175934421
3360 0.88879520921
3390 0.860939591157
3420 0.814577064426
3450 0.794468344996
3480 0.795922977224
3510 0.798450067204
3540 0.799178957802
3570 0.798126521985
3600 0.796533467765
3630 0.801227508246
3660 0.808240565635
3690 0.804987568422
3720 0.803834290476
3750 0.798175964896
3780 0.798894170447
3810 0.809666140951
3840 0.790530782053
3870 0.78273017435
3900 0.770861435117
3930 0.754722793348
3960 0.759834460463
3990 0.760346453815
4020 0.76428857186
4050 0.768019535758
4080 0.75051904949
4110 0.748772410567
4140 0.752908846243
4170 0.730503041102
4200 0.719404112124
4230 0.704951844703
4260 0.702398350295
4290 0.696220688197
4320 0.685567172086
4350 0.676359459306
4380 0.649741043567
4410 0.647801307512
4440 0.648713257058
4470 0.655614836495
4500 0.656870924021
4530 0.656419995965
4560 0.653834400085
4590 0.656847689603
4620 0.66675838481
4650 0.678902735365
4680 0.682154477739
4710 0.690408143405
4740 0.696902478968
4770 0.701096657087
4800 0.709816058935
4830 0.713012749032
4860 0.720949835786
4890 0.729246149797
4920 0.733592240821
4950 0.754235862139
4980 0.767092620507
5010 0.774651931724
5040 0.786675878646
5070 0.795520395286
5100 0.820867745535
5130 0.832433415306
5160 0.848908050927
5190 0.849474689382
5220 0.858668264295
5250 0.856911316232
5280 0.854407246529
5310 0.851233763936
5340 0.844537708971
5370 0.846537933886
5400 0.846002068307
5430 0.824526549805
5460 0.78292135961
5490 0.777927797222
5520 0.76896285317
5550 0.7697326421
5580 0.776134792394
5610 0.781266527596
5640 0.791802665971
5670 0.790150497096
5700 0.7886559
5730 0.788469356986
5760 0.791079767207
5790 0.79974231734
5820 0.808138400869
5850 0.811860101425
5880 0.816561328328
5910 0.812353565879
5940 0.820125944044
5970 0.816288702756
6000 0.814363614765
6030 0.824065682161
6060 0.832835130111
6090 0.842699579674
6120 0.856575971677
6150 0.894422853924
6180 0.935652260016
6210 0.94134405016
6240 0.962898544901
6270 0.966050370665
6300 0.96646806955
6330 0.966361912225
6360 0.963139861811
